630 INDICES.

Digesta Digesta Digesta Ἴ
111111114113. 1111111-11131. 1111134131. 1
335. 11331-11331111 11441131. Q
113 -123. 26. Π 67. 10, 3-111352. }
556. 560. [H 165. 3,13‚1-IH527. 10‚4pr.-1417.ffl

351. 113411433. 333.
114411555. 113-111433. 1113411111.
113441111113. 1111411414. 111111341113.
533. 111-111413. 111411133331.
11541313. 111411413. 1314111311.
11134113. 11341131. 1334133.
11114111. 1141134131. 1114513.
1113411534. 131141143. 1111411131.
1111-1111. 143. 1313141133. 1111141114.
1113. 1311-11143. 1113411311.
111341351111 1311411113. 1113411333. ,
14515. 1314131331. 1111411331. ¹
1113411315. 13341351111 11114113.
1113433. 131. 11341133434.
11141113. 133-111313. 1131141413.
11411331. 14341313. 113411131.
1111411533. 141411331. 1113413311.
1111411313. 14341151. 11341133.
1111411143. 11141533. 11341153.
1111411443. 11341333. 1331411513.
1111411443. 113411351434. 11341113.
111-111154. 1114413. 1111141113.
113-111431. 1134131. 11114113.
1144114111. 113411353. 1113411113.
1111433. 1431411134431. 1341513.
111-111111. 511. 1111341133.
11341313. 111411431. 11141113.
1111-11143. 13411111313. 1111141131.
133-111111. 1111411111. 1113411143. 1
1414111513. 1114111131. 1111341131.
, 13141111111113, 111411511311. 1111411311. ἶ
11141144. 1114131. 1111314113.
11341144. 134Π335. 111111144333.
1113411133. 11141131. 15411454.
1113-11331111 1114111131. 111411333.
31. 13-1414. 1113413111.
1111-11131. 11411135. 1113413111,
1111411133. 11411113. 11334341.
1115-11111. 15411443. 111411451.
131114111143. 11411443. 111341111.
111333. 111411513. 1111141111. ι

 

