616 INDIOES.

Digesta Digesta Digesta
1181884188. 1884118188. 1111881-11881.
81841188. 888. 11111.
8,11,1-111ο8. 8114111811. 1,88,8-Π1881.
8188141188. 81841118, 1,88,1-Π18ο1.
8,18,8-1Π18, 1,1,84118ο8. 18888-111888.
8811488888. 11141188. 1888141881111
8,21,9-ΙΠ167. 195. 4, 3 -ΙΠ 508. 534. 176.

8, 81, 18411818. 184188. 888. 1118141881. 111
8,81,11-111818. 111,8,1-111881. 118.
8881411188. 1,8,8-18ο8.118ο8. 1114118118.
8‚25pr.-11105. 1‚6-III217. 1,47-ΙΠ228.
8888411118. 1141181. 1181411881.
8,27,1-Π106. 1,9-Π]207. 1‚53-IH467.
8811411888. 1,18-Π1ο8. 181411188.
8888411818. 1188411888, 1884118111.
8881841188. 1888411888. 1,81-Π18ο1.
8888841188. 1,88,8-11188. 18411818.
88881-111188. 1811411188. - 18888488.

8, 89, 1411188. 1, 884118. 1, 88, 1-Π 188. 111
818418811188. 188411888, 18.

389. 1, 57-1283. 307. 1, 68, 2- ΙΠ 45.

8, 50 - I 287. 322. 1, 58-Ι 192. 1, 70pr. — 11145. '
9‚1‚4-11106. 1,59-1]1285. 1‚70‚2-ffl46.
9‚3‚1-11106. 1,78-11156. 8,1,8-111188.
1118841888. 18941188. 8, 88411818. 811.
11814188. 8884118818. 8811841181.
1,81,8-11188,881. 811411888. 8841818.
18841181, 111188411818. 1,18,8-11188.118.
1,88,841881.111 1,8,1-Π881. 1181411111.
88. 888, 0 11841111. 888. 4,13-1122ss.
1.,35-111483, 37 7. 4, 24pr. - 11188. 111
’ 1764288321. 1,9,2-Π450, 420.
1884818. 1,9,14118ο1. 1811411188.
81181-111188. 18841111. 1818411188.
8188411888888. 1114888. 18841881.
818441188. 1,18ρπ.-Π888.111 1,81-1Π48.
818841181. 818. 8841118118.
8188848818, 1,18,8-11188. 8814118188.
3,18pr.- 11107. HI 202. 8,10,1-1Π888.
818. 11814111. 8181.- 11888. ,
881841181, 1,18,8-11881. 888.
8, 8881411118. 1, 1884118811, 8811141888.
3,36,5-Π572. ’ 1,17,1-]Π878. 8,2-178.

83841818. 1188141118. 8814118811
,81881-11181188. 18141881. · 148.

 

