16 III. (14110114111111 1141101141444414141441444114.

5, 34, 2. (1141484511114Ἰ).47,,2 17,2. (84511145144544
1114454.4414444411144.44,3,14.4141111414-
544 D. 30, 80. 39, 2, 40, 3. (84511114 4414411414 D 43,
14, 1, 7. ‘Sabinus voluit' D. 39, 2, 35, 37. 54511114 41311·
11444 tD.30,50,l.47,2,36,2. (84511441441114 (141.2,178.
D. 5, 3, 36, 5. 7,1,3541. 33, 8, 8, 3. (845114 .. 414444
D. 4, 3, 39. 8, 6, 12. ‘quamquam . . . Sabino placeat’
(141. 2, 154. (8451141 . videbatur' D. 8, 1, 9.

Da iisdem 145114 Cassium quoque dixisse 141 videtur

putandum. .
Denique 44 fragmenta quibus 4414414144 solius
Cassii, 141 itam Sabini 1411114 insignes afferuntur,
collocavi 114, quibus Cassii 44141 libri laudantur, 4144441-
1114414.

1) ‘Cassius respondit' D. 5, 1, 24, 2. 12, 2, 26, 1.
16,1, 16,1. 30, 104, 1. 41, 6, 1, 2. 45, 3, 28, 4. ‘Aristo
refert Cassium respondissa' D. 17, 2, 29, 1. ‘Cassius 44
Pegasus 144441441114 D. 7, 1,12, 2.

2) ‘Cassius 4411514 D. 5, 1, 26. 5, 3, 31,5. 6,1,23,5.
7, 4, 10, 5. 21,1,17, 2. 30, 37pr. 32, 5241. 33, 7,12,11.
33, 7, 18, 10. 34, 2, 19, 19. 39, 2, 24, 8. 39, 2, 28. 39, 3,
1,19. 39, 3, 2, 3. 40, 7, 3, 2. 41, 9, 1, 4. 42, 7, 2, 3.
43, 16, 1, 27. 43, 24, 3, 7 141 ‘Cassius 44114414 D. 17, 2,
52,12. 17, 2, 65, 3. 19, 2, 19, 1. 30,5, 1. 32, 52, 4.
32, 65, 4. 45, 3, 9, 1. 47, 2, 541. val (Ι14544 44 Cassius
4411511114 D. 28, 2 ,641

3) (044411444141141. 3, 147. D. 10, 2, 44,.7 12, 7, 2.
13,,.3413,7,,.1831911114211651337
18,11. 34,2,.8 34„221,2. 39210 3921535
41,1,,.,,.27234342541913447354146317
‘Proculus (14441114..411114’ D. 35, 1, 4341 ‘Cassius st
Iulianus aiunt' D. 12, 2. 28, 1. (64441114 putat t'D.,5 3,
13, 4 17, 2, 29, 1. (1141 4114’44 D. 1, 9, 2. (4114411144
1113611352114114272544325 ((1411
044411.. .441441414 existimant 1s' D. 40, 5, 35. ‘Cassium
existimasse Urseius. rafsrt' D. 44, 5, 1, 10. (0444144444
Proculus existimant' D. 7, 5, 3. ‘quibusdam existimantibus

 

