620 = INDICES.

Digesta Digesta Digesta
XVII1,88,1-III44I. 11111888141884. 111111818841818.
1, 88841441. , 811814881818. 111484.
8888411448. 81814881. 818. 1, 1844111118.
1, 8841888. 881. 8181888411 888. -
888. 181. 8811814888. 111
1, 48411881. 8 84 - 11 811. 111 488,
14814888111, 488. 8881481811
188. 888. 111111188141888. 488.
1, 484 181. 48811188, 141. 8888481811818.
18141448. 1441488. 111488.
88841488. 8181411818. 18884818. 111
88141881. 1184481. 488.
8141488. 81814181818. 8884488.
8888111488. 118484. 884488.
8148141488. 8884888. - 8111114481.
81814488. 88141848. 8181484881.
8888114888. 8814888. 818848888. ,
I‚I9,1-11498.‚III 1‚34pr.-11248. 2‚13pr.—123.82.
81. 1888448118 11848.
88884188. 884. 84. 81414888481.
8811488888. 8881411888. 8111411488.
88441488. 8481114818. 88141848.
8881114488. 14844814. 88411818.
84841488814. 84884818, 8811481111] I
8881841188, 8481411188. 484. ÷
8881841888. 848441811818. 8841481. I
88811411848. 8884188. 81841481. ῑ
88818-1888818. 181814488111 884481141481.
Π881.111181.811. 88888884. 8884188. ’
8888148488. 8881411888. 81411884.
8888141488. 188488. 8841818.
8881884888. 88141888. 88841888.
88814888. 88441488. 8,;1,4-11488.1Π811.
888411888811. 1, 881488111 8841188.
88884888. 848. 888141148818.
8888841181. 8888488. 8841888.
88814188. 18841188, 8184818.
88884888. 111488811888. 8184818. 3
88884181. 111484. 8181441184. ÷
88884811111 81811418818. 8181848111.
188. = 111484. 81141448. I
8, 8884888. 818. 1,18,1-11 11. 888. 8184818841.
111881. 111484. 1, 8814481111
8881841888. 81884888111 848.

’ 8818841181. 484. 8814481.

 

