7. 11500111113 ⁰ 103

3 paltono vel 6 patroni filio vol 6 nopoio oopitis 6661666116
(D. 35, 14, 10, 17),·111)66116 testator (D. 35, 1, 43 pr).
Rofomntur Proculi sententiae inprimis 1611 libris 66
Sabinum (so. Pomponii l. III D. 30, 12, 1, V D. 5, 1, 1913:
66,16,1, 1111 1).66,1,14, 11 D. 13, 5, 5. 16, 1, 6.
11,1, 16, 1, 11 1141, 1, 1161, 111 1. 14, 1, 61, 6,
11 o. 14, 3, 10, 1. 45, 1,11, 1111 1). 12, 4, 16, 11111
o. 41, 3, 61,)1, 111111 D. 6, 3, 24. 41,1,16, Pauli 111
11. 45, 1, 6, 111 D. 30, 166,, 11 D. 3, 2, 16,), 16, 1,
66, 1, 111 D. 24, 3, 15pr. §1 25, 2, 1. 16, 1, 6, 4,
11116) 166. fr. 1, Ulpiani 1. 111 1.16,1,6,1, 1 D. 23,
5, 3, 6, 11111.6,6,1,1.4,1. 5, 3, 10, 1. 6, 6, 11, 1,
XVIII D. 7, 5, 33 XXII D. 33, 9, 3,2; XXXVI D. 26,2,
10, 3), Pomponii od Q. Mucium (LXV D.45,1,112,1;
XXI D. 3,5, 10), 061 ad logos XII tabularum (D. 22, 1,
13pr.), 66 legem Iuliam 61 Papiam (so. (161 D. 35,1, 69,
Terentii 0161161116 D. 35, 14, 10, Ρ6111 1111 D. 4, 6, 35, 9,
1 1). 31, 43, 3, Ulpiani 11 D. 1, 3, 6, 1, 11116614,
11), Pauli ad l. Falcidiam (D. 35, 2, 1, 14), quom ad
odicium provin013lo 661 (D. 2, 1, 11 pr. § 2) 161 praetoris
1661 (1111 1.1,14,11,1, 11 1. 3, 6, 16, 11 o. 3, 3,
3551. 5, 3, 4013, 111 116, 1,16, 1. 6, 111 1. 14, 3,
15, 4, 11111 1. 16, 1, 11, 6. 16, 1, 66 pr. 66. 16, 1,
6716, XXXIII D. 18, 1,1,1. 18, 6, 8pr.; XL D. 38, 1,
16, 1, 1111 o. 66, 6, 11, 1, 111 1. 41, 1, 3, 3. 41, 3,
4, 10. 41, 6, 1, 1111 D. 41, 6, 6) 05 Ulpiani (111 o. 6,
6, 6, 1, 11111. 4, 6, 11, 6. 4, 6, 16, 1, 11166116,
1111 1. 6, 6, 6, 1, 11111 o. 6, 1, 6, 6. 3. 6111616 5.
3, 2, 25, 1. 0011. 12, 6, 3-10. 1.6,1,16,1-,6, 1111
16. fr. 166, 1111 D. 14, 6, 4, 6. 16, 1,16. 15, 1, 6661,
11111 1). 16, 1, 15, 6, 1111 1).46,1ο,11,4.6, 1111
1141, 3, 6,16, 1111 1. 46,16,1,16, 11111 0. 6, 6,
7 p1.; LXXXI D. 39, 2, 26), praetereo Celsi libris Digesto-
1161(1.11111.16,1,66,1,11(6)1.61,66,1,111.16,
6, 61, 111 1). 16, 6, 6ο, 1, 11111 113, 1,10; 111
D. 31, 20. 34, 2, 3), (16 vorborum obligationibus 661
(D. 45, 3, 28, 4) 161 Slipulolionum 7611161 (111 D. 45,

 

